01090
02100
02300
02500
03410
04100
04120
04160
04300
05000
06130
06140
06150
06160
06200
06210
06340
06370
06600
07500
10600
11000
11100
11590
13003
13008
13009
13010
13011
13012
13013
13090
13150
13200
13230
13400
13500
13530
13560
13740
13800
14123
14200
14880
16100
16400
16430
18000
19100
20100
20110
20137
20167
20200
20220
20230
20243
20250
20260
20600
24120
24650
24700
26000
26120
26200
26400
26800
27140
27600
27670
28700
30126
30129
30900
31000
31140
31150
31170
31200
31390
31400
31800
31830
33000
33130
33140
33170
33200
33240
33270
33290
33300
33370
33380
33400
33600
33700
33970
34070
34200
34470
34500
34790
36330
37000
37170
37250
37380
37540
38090
38190
38420
38440
38500
38510
38600
41350
42000
42330
42390
43110
43700
44230
44570
44600
44800
45100
45140
45143
45150
45160
45270
45500
46000
47150
47300
49000
49240
50470
54000
54350
54510
54520
57000
57050
57070
57280
59115
59134
59139
59155
59223
59300
59310
59320
59380
59400
59450
59494
59520
59650
59720
59760
59790
59810
59880
60000
60110
60180
60200
60220
60400
60500
62100
62161
62210
62280
62300
62400
62575
62610
62950
62980
63000
63110
63118
63150
63160
63170
63610
63730
64140
64320
65000
66000
66200
67000
67190
67200
67210
67300
67400
67520
67590
68920
69003
69005
69006
69007
69170
69300
69400
69570
69580
69630
69800
70300
71000
71700
72650
73300
73500
74120
74250
74330
74600
75002
75005
75011
75012
75013
75014
75015
75017
75019
75020
76200
76220
76290
76330
76380
76620
76810
77000
77124
77240
77310
77700
77810
78100
78140
78150
78190
78200
78250
78310
78350
78370
78480
78500
78610
78700
78800
78910
78940
80120
80190
80350
80480
80800
81100
82000
83110
83160
83170
83200
83220
83230
83250
83330
83400
83500
83560
83580
83600
83690
83700
84000
84130
84300
86100
86140
86240
86360
88000
88190
89000
90160
91140
91220
91230
91250
91300
91400
92100
92120
92130
92160
92250
92260
92320
92330
92500
92600
92800
93130
93160
93170
93230
93290
93300
93370
93420
93800
94000
94120
94200
94270
94370
94400
94420
94700
95000
95100
95130
95150
95200
95230
95380
95400
95520
95600
