06140
06160
06600
13008
13009
13013
13150
13230
13400
13740
20137
26800
31830
33000
33400
33700
33970
37380
38440
45270
46000
49000
49100
57000
57050
57070
59000
59520
59650
59880
60500
62300
63110
67000
67200
67300
69003
69005
69006
69007
75002
75005
75011
75012
75013
75014
75015
75017
75019
75020
76220
78100
78150
78350
83250
83400
83500
84130
86140
91220
91300
91400
92100
92120
92130
92160
92260
92320
92330
92500
92600
92800
93130
93160
93170
93230
93300
93370
93800
94000
94200
94270
94700
95100
95130
95380
95600
